{
    "8176978": {
        "step": "STP/8176978.stp",
        "stl": "STL/8176978.stl",
        "ply": "PLY/8176978.ply",
        "eigenvalues": [
            56985.931839537225,
            55264.451390389964,
            395.2038138250974
        ],
        "eigenvectors": [
            [
                0.7829303441816686,
                -0.6221092779502885,
                -0.0003499253413698649
            ],
            [
                -0.6220960584616474,
                -0.782917140120437,
                0.00610292979793114
            ],
            [
                0.0040706517974932075,
                0.004560481751588752,
                0.9999813157255174
            ]
        ]
    },
    "792440": {
        "step": "STP/792440.stp",
        "stl": "STL/792440.stl",
        "ply": "PLY/792440.ply",
        "eigenvalues": [
            1161.302340278985,
            7739.482785503097,
            17220.398439236615
        ],
        "eigenvectors": [
            [
                -0.9441152226902072,
                -0.32960856231881314,
                0.002154514039304605
            ],
            [
                -0.32952908950848897,
                0.943697506362064,
                -0.02907912745816745
            ],
            [
                -0.0075515198686582794,
                0.02816402194550998,
                0.9995747908063339
            ]
        ]
    },
    "793789": {
        "step": "STP/793789.stp",
        "stl": "STL/793789.stl",
        "ply": "PLY/793789.ply",
        "eigenvalues": [
            1966.2330256369873,
            340.50858066442845,
            1.6167424507302557
        ],
        "eigenvectors": [
            [
                0.9999999070627849,
                -0.0004210900304244928,
                9.250734112642279e-05
            ],
            [
                -0.00042108911807461143,
                -0.9999999112931495,
                -9.881714787335772e-06
            ],
            [
                -9.251149401196833e-05,
                -9.842760034331935e-06,
                0.9999999956723717
            ]
        ]
    },
    "8094080": {
        "step": "STP/8094080.stp",
        "stl": "STL/8094080.stl",
        "ply": "PLY/8094080.ply",
        "eigenvalues": [
            16991.27316539183,
            10908.521032069804,
            856.1878449822759
        ],
        "eigenvectors": [
            [
                0.9992405165142183,
                -0.038666449460331695,
                -0.004826576688459026
            ],
            [
                -0.03870269446045616,
                -0.9992214357324096,
                -0.0076566189902902955
            ],
            [
                0.004526764617089529,
                -0.007837605437473704,
                0.9999590393326658
            ]
        ]
    },
    "780252": {
        "step": "STP/780252.stp",
        "stl": "STL/780252.stl",
        "ply": "PLY/780252.ply",
        "eigenvalues": [
            112407.20489279288,
            62223.43542031431,
            78.02909497875726
        ],
        "eigenvectors": [
            [
                -0.9999980149301069,
                0.00199215448372177,
                -3.8162271665362215e-05
            ],
            [
                3.809099132751912e-05,
                -3.5818456621051024e-05,
                -0.9999999986330572
            ],
            [
                0.001992155847912281,
                0.9999980150168055,
                -3.574250237943501e-05
            ]
        ]
    },
    "793548": {
        "step": "STP/793548.stp",
        "stl": "STL/793548.stl",
        "ply": "PLY/793548.ply",
        "eigenvalues": [
            25103.56502328191,
            6483.108512223216,
            901.3022333443259
        ],
        "eigenvectors": [
            [
                0.99980342143906,
                -0.017201396537995753,
                -0.009860549472104952
            ],
            [
                -0.015810706627081256,
                -0.991776105832421,
                0.12700463556827693
            ],
            [
                0.011964114455385757,
                0.1268237669248992,
                0.9918531101470003
            ]
        ]
    },
    "772749": {
        "step": "STP/772749.stp",
        "stl": "STL/772749.stl",
        "ply": "PLY/772749.ply",
        "eigenvalues": [
            71097.98348156524,
            31575.97192997463,
            72.9768124717417
        ],
        "eigenvectors": [
            [
                -0.9999995822662932,
                -0.0009131545272558137,
                4.020011011135153e-05
            ],
            [
                -0.0009131574624510338,
                0.999999580402981,
                -7.305690152509833e-05
            ],
            [
                4.013338100313024e-05,
                7.309358003737376e-05,
                0.9999999965233202
            ]
        ]
    },
    "779608": {
        "step": "STP/779608.stp",
        "stl": "STL/779608.stl",
        "ply": "PLY/779608.ply",
        "eigenvalues": [
            454.9131104661975,
            452.96545492058675,
            0.5382666481788542
        ],
        "eigenvectors": [
            [
                0.9983722569876382,
                -0.057033584031597584,
                -8.227952400811929e-05
            ],
            [
                -0.05703358566059487,
                -0.9983722601301401,
                -1.7587821299847978e-05
            ],
            [
                8.114249786237607e-05,
                -2.2251889127335292e-05,
                0.9999999964603743
            ]
        ]
    },
    "781831": {
        "step": "STP/781831.stp",
        "stl": "STL/781831.stl",
        "ply": "PLY/781831.ply",
        "eigenvalues": [
            26513.761958162977,
            22112.262228233634,
            7357.890931607668
        ],
        "eigenvectors": [
            [
                -0.9995734926164633,
                -0.029203088314663814,
                0.00011176498084159249
            ],
            [
                -0.016248681107622478,
                0.5529773527355615,
                -0.8330378309079565
            ],
            [
                -0.024265473842226694,
                0.8326843501558415,
                0.5532160154810741
            ]
        ]
    },
    "8139855": {
        "step": "STP/8139855.stp",
        "stl": "STL/8139855.stl",
        "ply": "PLY/8139855.ply",
        "eigenvalues": [
            2187.2798993343076,
            2707.012356878437,
            822.2557965445168
        ],
        "eigenvectors": [
            [
                -0.9999808376208152,
                -0.005863190232149825,
                0.0019868043371947855
            ],
            [
                -0.005854658045827516,
                0.9999737302964183,
                0.004273370593868818
            ],
            [
                0.0020118077291580946,
                -0.004261656645922328,
                0.9999888953944904
            ]
        ]
    },
    "777553": {
        "step": "STP/777553.stp",
        "stl": "STL/777553.stl",
        "ply": "PLY/777553.ply",
        "eigenvalues": [
            5866.394149704486,
            5947.649071058919,
            617.2493610532839
        ],
        "eigenvectors": [
            [
                -0.7506442057749777,
                -0.6606955874022917,
                -0.003823234702915001
            ],
            [
                -0.6606902078851854,
                0.7506537815285284,
                -0.002710992724240012
            ],
            [
                -0.0046610665177991934,
                -0.0004909827503140422,
                0.9999890166371107
            ]
        ]
    },
    "8126425": {
        "step": "STP/8126425.stp",
        "stl": "STL/8126425.stl",
        "ply": "PLY/8126425.ply",
        "eigenvalues": [
            19843.83380673392,
            8908.367969818832,
            3428.1202136299153
        ],
        "eigenvectors": [
            [
                0.999619097012127,
                0.026460672629555215,
                -0.00784179141851492
            ],
            [
                0.02324306845929198,
                -0.9603755105193699,
                -0.2777384355166864
            ],
            [
                0.01488021025579455,
                -0.27745037682196705,
                0.9606247278433404
            ]
        ]
    },
    "8122643": {
        "step": "STP/8122643.stp",
        "stl": "STL/8122643.stl",
        "ply": "PLY/8122643.ply",
        "eigenvalues": [
            85.26621680065455,
            4706.330768862243,
            4470.02954087389
        ],
        "eigenvectors": [
            [
                -0.022777007581293647,
                0.9989188439654246,
                -0.04052593116045026
            ],
            [
                0.0004093293014652147,
                0.04054576217150749,
                0.9991775986377271
            ],
            [
                -0.9997404865139575,
                -0.022741687288137157,
                0.0013323978849906232
            ]
        ]
    },
    "8095189": {
        "step": "STP/8095189.stp",
        "stl": "STL/8095189.stl",
        "ply": "PLY/8095189.ply",
        "eigenvalues": [
            795.5358742045937,
            154492.69134228636,
            88875.81299140582
        ],
        "eigenvectors": [
            [
                -0.9999071313248574,
                0.006940966347523788,
                -0.011728244193265064
            ],
            [
                0.011164502845324236,
                -0.07633322173301837,
                -0.9970198559387242
            ],
            [
                0.007815535932427188,
                0.997058204041279,
                -0.07624864032931077
            ]
        ]
    },
    "775999": {
        "step": "STP/775999.stp",
        "stl": "STL/775999.stl",
        "ply": "PLY/775999.ply",
        "eigenvalues": [
            57826.25113986784,
            62464.91031215629,
            101.21713524604527
        ],
        "eigenvectors": [
            [
                -0.999343294591302,
                -0.0362336766078531,
                0.00031659892509390623
            ],
            [
                0.0002670526047237799,
                0.0013722423595845961,
                0.9999990228164289
            ],
            [
                0.036234075651355585,
                -0.9993424025980205,
                0.0013616649028877134
            ]
        ]
    },
    "8098446": {
        "step": "STP/8098446.stp",
        "stl": "STL/8098446.stl",
        "ply": "PLY/8098446.ply",
        "eigenvalues": [
            1389.0171909273001,
            108.81984834948521,
            392.93242510650293
        ],
        "eigenvectors": [
            [
                0.9994478852731354,
                -0.02080744051007872,
                0.02590318595225937
            ],
            [
                -0.021221904119870183,
                -0.9996494637754173,
                0.015829730226626256
            ],
            [
                -0.025564729777269875,
                0.016370705328123708,
                0.9995391160922492
            ]
        ]
    },
    "8091304": {
        "step": "STP/8091304.stp",
        "stl": "STL/8091304.stl",
        "ply": "PLY/8091304.ply",
        "eigenvalues": [
            6.834283500098536,
            2204.4404612961916,
            40651.133230213185
        ],
        "eigenvectors": [
            [
                -0.999720265463836,
                -0.023647938768604305,
                -0.00040720131829850663
            ],
            [
                -0.023649534642244976,
                0.9997101609439507,
                0.004504843684939444
            ],
            [
                -0.00030055302782920867,
                -0.004513213646264153,
                0.9999897702329061
            ]
        ]
    },
    "771731": {
        "step": "STP/771731.stp",
        "stl": "STL/771731.stl",
        "ply": "PLY/771731.ply",
        "eigenvalues": [
            133.58998215456086,
            35480.156383073976,
            32106.09716959578
        ],
        "eigenvectors": [
            [
                -0.021708192696669584,
                -0.9985753552074242,
                -0.0487443775446025
            ],
            [
                7.116177414737776e-05,
                0.04875432344943275,
                -0.9988107983402011
            ],
            [
                -0.9997643468867282,
                0.021685846014268935,
                0.0009873078543394648
            ]
        ]
    },
    "793978": {
        "step": "STP/793978.stp",
        "stl": "STL/793978.stl",
        "ply": "PLY/793978.ply",
        "eigenvalues": [
            142.12610601731285,
            53539.991638370135,
            54250.88762769605
        ],
        "eigenvectors": [
            [
                -0.9999481589208168,
                0.01016269723941133,
                0.0006317085471687131
            ],
            [
                0.009639112385819618,
                0.9247874366643181,
                0.38036204397948375
            ],
            [
                -0.0032813081662720566,
                -0.38034841471032843,
                0.9248374540664216
            ]
        ]
    },
    "792441": {
        "step": "STP/792441.stp",
        "stl": "STL/792441.stl",
        "ply": "PLY/792441.ply",
        "eigenvalues": [
            1181.670671702439,
            8013.378001275802,
            16944.873110604
        ],
        "eigenvectors": [
            [
                -0.942675455052789,
                -0.33370177929123995,
                0.0024716267674354466
            ],
            [
                -0.3337092317938084,
                0.9426211493803901,
                -0.010174347958391118
            ],
            [
                -0.0010653903524839702,
                0.010415912761383655,
                0.9999451853500491
            ]
        ]
    },
    "776935": {
        "step": "STP/776935.stp",
        "stl": "STL/776935.stl",
        "ply": "PLY/776935.ply",
        "eigenvalues": [
            1456.5730764908772,
            264.90893473861775,
            0.5443717021979967
        ],
        "eigenvectors": [
            [
                -0.999997123860041,
                0.002398378888109609,
                -7.096094709707885e-06
            ],
            [
                0.0023983785288600444,
                0.999997122625604,
                5.020900916559913e-05
            ],
            [
                -7.216494519162329e-06,
                -5.019184563631129e-05,
                0.9999999987143504
            ]
        ]
    },
    "780279": {
        "step": "STP/780279.stp",
        "stl": "STL/780279.stl",
        "ply": "PLY/780279.ply",
        "eigenvalues": [
            123968.19537017801,
            8958.002750595962,
            3310.3962069506347
        ],
        "eigenvectors": [
            [
                0.9999998413674734,
                -0.0005518707594559172,
                -0.00011271065970415106
            ],
            [
                -0.0005516617964785041,
                -0.9999981445863756,
                0.0018456687321077607
            ],
            [
                0.00011372902118414973,
                0.0018456062611595992,
                0.9999982904001579
            ]
        ]
    },
    "8122655": {
        "step": "STP/8122655.stp",
        "stl": "STL/8122655.stl",
        "ply": "PLY/8122655.ply",
        "eigenvalues": [
            240.39999302404203,
            3179.1253286259985,
            4512.180973392642
        ],
        "eigenvectors": [
            [
                -0.04415082209075461,
                -0.9990075964291848,
                -0.005875983789415288
            ],
            [
                0.0018467088589818824,
                -0.00596332102562281,
                0.9999805140445166
            ],
            [
                0.9990231701893109,
                -0.04413911053848147,
                -0.0021081617041885593
            ]
        ]
    },
    "788786": {
        "step": "STP/788786.stp",
        "stl": "STL/788786.stl",
        "ply": "PLY/788786.ply",
        "eigenvalues": [
            23539.17121914821,
            23337.066221023248,
            9380.65296562439
        ],
        "eigenvectors": [
            [
                0.8632965900807502,
                0.504695123447125,
                -0.0013527467024012497
            ],
            [
                0.5046969361794752,
                -0.8632935572187185,
                0.002288378399956307
            ],
            [
                1.2884093672143588e-05,
                0.002658276385625593,
                0.9999964666940867
            ]
        ]
    },
    "8095941": {
        "step": "STP/8095941.stp",
        "stl": "STL/8095941.stl",
        "ply": "PLY/8095941.ply",
        "eigenvalues": [
            1344.5892262592315,
            90.88440788370441,
            212.39930752581785
        ],
        "eigenvectors": [
            [
                0.02881897493809327,
                -0.9995739166229226,
                0.004631618575404808
            ],
            [
                -4.6436695352628464e-05,
                -0.004634881925729327,
                -0.9999892577988865
            ],
            [
                -0.9995846460041047,
                -0.028818450281807927,
                0.00017998945550693274
            ]
        ]
    },
    "778844": {
        "step": "STP/778844.stp",
        "stl": "STL/778844.stl",
        "ply": "PLY/778844.ply",
        "eigenvalues": [
            2368.6329512693555,
            2393.6462340056705,
            11.028914604928595
        ],
        "eigenvectors": [
            [
                0.9985363174596257,
                0.05408530435077707,
                -5.0670047519378624e-05
            ],
            [
                0.054085327543023885,
                -0.9985360019803068,
                0.0007937844470454597
            ],
            [
                7.663793262781928e-06,
                0.0007953631047262692,
                0.9999996836693489
            ]
        ]
    },
    "8100966": {
        "step": "STP/8100966.stp",
        "stl": "STL/8100966.stl",
        "ply": "PLY/8100966.ply",
        "eigenvalues": [
            414.0556062507472,
            92.56954698527224,
            17780.111484177534
        ],
        "eigenvectors": [
            [
                0.9511354042604,
                0.3087736828381952,
                -0.0005055184892988119
            ],
            [
                0.3087736658935119,
                -0.9511355373658716,
                -0.00011318310975331293
            ],
            [
                0.0005157645656012124,
                4.84383342670964e-05,
                0.9999998658203113
            ]
        ]
    },
    "793832": {
        "step": "STP/793832.stp",
        "stl": "STL/793832.stl",
        "ply": "PLY/793832.ply",
        "eigenvalues": [
            13269.15334255766,
            1199.8979913047474,
            3875.635509973029
        ],
        "eigenvectors": [
            [
                0.9999998129717841,
                0.00043522023616424544,
                -0.00042969726912870146
            ],
            [
                0.00042536167114632273,
                -0.9997426273241868,
                -0.022682552289827112
            ],
            [
                0.0004394585825571428,
                -0.02268236527080111,
                0.9997426254701138
            ]
        ]
    },
    "777551": {
        "step": "STP/777551.stp",
        "stl": "STL/777551.stl",
        "ply": "PLY/777551.ply",
        "eigenvalues": [
            8785.296569941085,
            3747.0706849745106,
            515.6420601809631
        ],
        "eigenvectors": [
            [
                -0.9999992452303491,
                0.001227085098220129,
                -6.165139030947233e-05
            ],
            [
                0.0012271187621282725,
                0.9999990963896681,
                -0.0005489985342688846
            ],
            [
                -6.097766668029308e-05,
                0.0005490737734790902,
                0.9999998473998463
            ]
        ]
    },
    "776840": {
        "step": "STP/776840.stp",
        "stl": "STL/776840.stl",
        "ply": "PLY/776840.ply",
        "eigenvalues": [
            4398.790061304658,
            755.8308695120913,
            2427.5305824742154
        ],
        "eigenvectors": [
            [
                0.9999997887728888,
                0.0006015758144705411,
                0.00024609087269543303
            ],
            [
                0.00023226643846839962,
                -0.6843692602633052,
                0.7291355578072967
            ],
            [
                -0.0006070473455514817,
                0.7291353466354484,
                0.6843692554318354
            ]
        ]
    },
    "778448": {
        "step": "STP/778448.stp",
        "stl": "STL/778448.stl",
        "ply": "PLY/778448.ply",
        "eigenvalues": [
            21852.158780912065,
            2925.678110471586,
            811.940402936939
        ],
        "eigenvectors": [
            [
                0.0005726938251113003,
                0.9999976487776276,
                0.002091521216542948
            ],
            [
                0.004045334742069497,
                0.0020891877123180133,
                -0.9999896352270494
            ],
            [
                0.9999916536094725,
                -0.0005811487927108069,
                0.004044128765685292
            ]
        ]
    },
    "8093316": {
        "step": "STP/8093316.stp",
        "stl": "STL/8093316.stl",
        "ply": "PLY/8093316.ply",
        "eigenvalues": [
            39925.72877048655,
            6831.254093023951,
            10.091382873231169
        ],
        "eigenvectors": [
            [
                0.021124101971984763,
                0.9997003916604277,
                -0.012365242814631734
            ],
            [
                -0.0004243130131192436,
                0.012376966027369136,
                0.999923312394718
            ],
            [
                -0.9997767712216283,
                0.021117235281754052,
                -0.0006856381778680137
            ]
        ]
    },
    "777948": {
        "step": "STP/777948.stp",
        "stl": "STL/777948.stl",
        "ply": "PLY/777948.ply",
        "eigenvalues": [
            63983.07902464507,
            9585.624398917455,
            105.2132182878561
        ],
        "eigenvectors": [
            [
                0.9985964577810004,
                -0.0523833032335978,
                0.007816907929338804
            ],
            [
                -0.05243183103697202,
                -0.9986056432061786,
                0.00613778876182458
            ],
            [
                -0.007484490720766431,
                0.0065390289119485485,
                0.9999506105301099
            ]
        ]
    },
    "780287": {
        "step": "STP/780287.stp",
        "stl": "STL/780287.stl",
        "ply": "PLY/780287.ply",
        "eigenvalues": [
            104784.7007119025,
            12220.115935613996,
            70.972080875834
        ],
        "eigenvectors": [
            [
                0.9999976105485459,
                0.0021830310737658,
                0.00011520646607856532
            ],
            [
                0.0020313688110960614,
                -0.9474125302526489,
                0.32000839217280974
            ],
            [
                -0.0008077363135080361,
                0.3200073935014697,
                0.9474147009976377
            ]
        ]
    },
    "772763": {
        "step": "STP/772763.stp",
        "stl": "STL/772763.stl",
        "ply": "PLY/772763.ply",
        "eigenvalues": [
            8463.710629899564,
            35036.26516979458,
            82.90290969948913
        ],
        "eigenvectors": [
            [
                0.9999977927435993,
                0.0020579853670443927,
                -0.00042332512154330326
            ],
            [
                0.002058048197870249,
                -0.9999978712586023,
                0.00014804012629273977
            ],
            [
                0.00042301955597992297,
                0.00014891102303386474,
                0.9999998994399762
            ]
        ]
    },
    "777155": {
        "step": "STP/777155.stp",
        "stl": "STL/777155.stl",
        "ply": "PLY/777155.ply",
        "eigenvalues": [
            26055.180820013054,
            9156.236361632695,
            21080.51077600591
        ],
        "eigenvectors": [
            [
                0.9999905419471501,
                0.001432959389827417,
                0.004106414936698408
            ],
            [
                0.0034397772998737545,
                -0.8383647037786156,
                -0.5450988822134212
            ],
            [
                -0.0026615687803450967,
                -0.545107851792268,
                0.8383617035421206
            ]
        ]
    },
    "777141": {
        "step": "STP/777141.stp",
        "stl": "STL/777141.stl",
        "ply": "PLY/777141.ply",
        "eigenvalues": [
            10158.179644583923,
            3571.446133853215,
            487.4449662742171
        ],
        "eigenvectors": [
            [
                0.9999956040444026,
                -0.0029609036604804004,
                0.00015792841397638352
            ],
            [
                -0.0029650787519173165,
                -0.9983108723213883,
                0.05802250005733882
            ],
            [
                1.4137380088901928e-05,
                0.05802271326318949,
                0.998315263103651
            ]
        ]
    },
    "798351": {
        "step": "STP/798351.stp",
        "stl": "STL/798351.stl",
        "ply": "PLY/798351.ply",
        "eigenvalues": [
            1856.0918312952952,
            35.9030410325727,
            7.983846286639195
        ],
        "eigenvectors": [
            [
                0.9998870815714566,
                0.015027374058043283,
                -4.621077068655022e-05
            ],
            [
                0.015027419103276417,
                -0.9998863445772119,
                0.0012143323743583582
            ],
            [
                2.7957291761595576e-05,
                0.0012148896824731078,
                0.9999992616304523
            ]
        ]
    },
    "779434": {
        "step": "STP/779434.stp",
        "stl": "STL/779434.stl",
        "ply": "PLY/779434.ply",
        "eigenvalues": [
            31816.266731027506,
            13095.110050640678,
            944.7070813027982
        ],
        "eigenvectors": [
            [
                0.9998828344146549,
                0.015142610186624272,
                -0.0022402677633810548
            ],
            [
                0.01517477473540984,
                -0.9997706158821754,
                0.015114292252874568
            ],
            [
                0.0020108840457044664,
                0.015146516936631927,
                0.9998832628712429
            ]
        ]
    },
    "771736": {
        "step": "STP/771736.stp",
        "stl": "STL/771736.stl",
        "ply": "PLY/771736.ply",
        "eigenvalues": [
            14906.016747827358,
            14306.19308929823,
            52.436976182484486
        ],
        "eigenvectors": [
            [
                -0.9996956212716512,
                -0.024670994672398444,
                -8.265689048110864e-05
            ],
            [
                -0.024669437097746418,
                0.9996605704140565,
                -0.008376325729308371
            ],
            [
                -0.00028928112172903897,
                0.008371737054974277,
                0.9999649145520632
            ]
        ]
    },
    "780254": {
        "step": "STP/780254.stp",
        "stl": "STL/780254.stl",
        "ply": "PLY/780254.ply",
        "eigenvalues": [
            100.48995210052817,
            60632.0379265117,
            51465.1329457853
        ],
        "eigenvectors": [
            [
                -0.9999917415111521,
                0.0034264181362437538,
                -0.002185536146765303
            ],
            [
                0.002084959853278685,
                -0.029086942541715864,
                -0.9995747109225929
            ],
            [
                0.003488531482359586,
                0.9995710127011139,
                -0.029079558383270723
            ]
        ]
    },
    "8093514": {
        "step": "STP/8093514.stp",
        "stl": "STL/8093514.stl",
        "ply": "PLY/8093514.ply",
        "eigenvalues": [
            504.15204656206697,
            7233.449006868078,
            2359.797443980099
        ],
        "eigenvectors": [
            [
                0.9909673298211391,
                0.1341032874661307,
                -0.0002439629847639308
            ],
            [
                7.92351339804586e-05,
                -0.0024047263408343775,
                -0.9999971055023206
            ],
            [
                0.13410348596869245,
                -0.9909644421380628,
                0.002393630932876622
            ]
        ]
    },
    "779815": {
        "step": "STP/779815.stp",
        "stl": "STL/779815.stl",
        "ply": "PLY/779815.ply",
        "eigenvalues": [
            28948.336970367647,
            11752.569691765802,
            2437.4829024823093
        ],
        "eigenvectors": [
            [
                0.9999914450787287,
                0.004005268068531356,
                -0.001033245883306338
            ],
            [
                0.001010949174108827,
                0.005564878695226281,
                0.9999840049255162
            ],
            [
                -0.004010953891973213,
                0.9999764947001539,
                -0.005560781965681363
            ]
        ]
    },
    "780283": {
        "step": "STP/780283.stp",
        "stl": "STL/780283.stl",
        "ply": "PLY/780283.ply",
        "eigenvalues": [
            83.23003944288939,
            50213.219417310356,
            16937.211860233314
        ],
        "eigenvectors": [
            [
                0.9999947124584251,
                -0.0032322682146891497,
                -0.0003570677526004781
            ],
            [
                -0.0032321467426551648,
                -0.9999947187153944,
                0.00034024807619607937
            ],
            [
                0.0003581656398658468,
                0.00033909218174691595,
                0.9999998783669258
            ]
        ]
    },
    "778504": {
        "step": "STP/778504.stp",
        "stl": "STL/778504.stl",
        "ply": "PLY/778504.ply",
        "eigenvalues": [
            12285.30404144222,
            9071.722259883461,
            1142.147168984842
        ],
        "eigenvectors": [
            [
                0.9993818305734472,
                -0.03512825704284961,
                -0.0014008129059330165
            ],
            [
                -0.035125064583807555,
                -0.9993804097668775,
                0.00224196613966806
            ],
            [
                0.0014787013387736955,
                0.0021913765809545476,
                0.9999965056494103
            ]
        ]
    },
    "8186079": {
        "step": "STP/8186079.stp",
        "stl": "STL/8186079.stl",
        "ply": "PLY/8186079.ply",
        "eigenvalues": [
            29766.069840673415,
            45321.87231823419,
            5.286368597253892
        ],
        "eigenvectors": [
            [
                0.9999811357724337,
                -0.0061422216245224865,
                3.4825118101885726e-05
            ],
            [
                -0.006142219947405455,
                -0.9999811352341216,
                -4.806240607685188e-05
            ],
            [
                -3.511967108411788e-05,
                -4.7847595881608926e-05,
                0.9999999982386081
            ]
        ]
    },
    "774935": {
        "step": "STP/774935.stp",
        "stl": "STL/774935.stl",
        "ply": "PLY/774935.ply",
        "eigenvalues": [
            13807.501240457259,
            2777.2146061004632,
            7268.195293492777
        ],
        "eigenvectors": [
            [
                0.9998758915165668,
                -0.014694290160624674,
                0.005681496336910381
            ],
            [
                -0.005746449102501507,
                -0.0043818336032588195,
                0.99997388858759
            ],
            [
                0.014669011100388351,
                0.9998824317743304,
                0.004465729771040527
            ]
        ]
    },
    "778897": {
        "step": "STP/778897.stp",
        "stl": "STL/778897.stl",
        "ply": "PLY/778897.ply",
        "eigenvalues": [
            5000.702957400065,
            226.05029167351017,
            159.7757774291895
        ],
        "eigenvectors": [
            [
                -0.7733364724464205,
                0.5890269541766977,
                0.234516412298688
            ],
            [
                0.008500264332395214,
                -0.36023585556515725,
                0.932822530748224
            ],
            [
                -0.6339388345025143,
                -0.7233791368421968,
                -0.27357664098206624
            ]
        ]
    },
    "779545": {
        "step": "STP/779545.stp",
        "stl": "STL/779545.stl",
        "ply": "PLY/779545.ply",
        "eigenvalues": [
            146508.1037525679,
            64179.24449665941,
            806.1926480777756
        ],
        "eigenvectors": [
            [
                0.9952826892853399,
                -0.09692082777635681,
                -0.004326840889982392
            ],
            [
                -0.09699984651358516,
                -0.9949602802980254,
                -0.025398236269778447
            ],
            [
                0.0018434167413754216,
                -0.02569812779990653,
                0.9996680489253909
            ]
        ]
    },
    "8095212": {
        "step": "STP/8095212.stp",
        "stl": "STL/8095212.stl",
        "ply": "PLY/8095212.ply",
        "eigenvalues": [
            605.45116422305,
            57869.76595445033,
            75138.27554939796
        ],
        "eigenvectors": [
            [
                -0.005858311751472274,
                0.9999097970789034,
                0.012086268615615755
            ],
            [
                4.284800832643545e-05,
                -0.012086225006157173,
                0.9999269579970073
            ],
            [
                -0.9999828390264859,
                -0.005858401721186102,
                -2.796073067397735e-05
            ]
        ]
    },
    "8117985": {
        "step": "STP/8117985.stp",
        "stl": "STL/8117985.stl",
        "ply": "PLY/8117985.ply",
        "eigenvalues": [
            3288.0744101128753,
            49.85379297118721,
            1260.7590083774649
        ],
        "eigenvectors": [
            [
                0.9999202707228463,
                -0.012177565273071143,
                -0.003340524145957548
            ],
            [
                -0.012060578723079765,
                -0.999380883970558,
                0.03305134180469378
            ],
            [
                0.00374094084610129,
                0.033008417990664084,
                0.9994480725397089
            ]
        ]
    },
    "772809": {
        "step": "STP/772809.stp",
        "stl": "STL/772809.stl",
        "ply": "PLY/772809.ply",
        "eigenvalues": [
            32596.443531966623,
            53721.42490370372,
            34.34240076864919
        ],
        "eigenvectors": [
            [
                0.9999839976190819,
                -0.005656715364184856,
                7.795542855651483e-05
            ],
            [
                -0.005656724160159056,
                -0.9999839942144076,
                0.00011307862547482285
            ],
            [
                -7.731452722055558e-05,
                0.00011351778830370929,
                0.9999999905680877
            ]
        ]
    },
    "780296": {
        "step": "STP/780296.stp",
        "stl": "STL/780296.stl",
        "ply": "PLY/780296.ply",
        "eigenvalues": [
            56008.93043433911,
            111269.78569467309,
            26.563139857926814
        ],
        "eigenvectors": [
            [
                0.9999783228619673,
                -0.0065831160657253696,
                -0.00012801965415542454
            ],
            [
                0.00012855325976895832,
                8.063361111651128e-05,
                0.99999998848614
            ],
            [
                0.006583105667241285,
                0.999978327805701,
                -8.147814424041735e-05
            ]
        ]
    },
    "780255": {
        "step": "STP/780255.stp",
        "stl": "STL/780255.stl",
        "ply": "PLY/780255.ply",
        "eigenvalues": [
            311.83289842431793,
            49.28212369085853,
            98874.7146966356
        ],
        "eigenvectors": [
            [
                -0.8458826800406478,
                -0.5333690013074501,
                -7.179439139402928e-06
            ],
            [
                -0.5333690001110393,
                0.8458826770703634,
                7.97046162473061e-05
            ],
            [
                3.643900836831637e-05,
                -7.125004467802254e-05,
                0.999999996797815
            ]
        ]
    },
    "8114863": {
        "step": "STP/8114863.stp",
        "stl": "STL/8114863.stl",
        "ply": "PLY/8114863.ply",
        "eigenvalues": [
            5564.848443793834,
            4643.990127040998,
            4627.77876599297
        ],
        "eigenvectors": [
            [
                0.026723390244078347,
                0.9235272585928773,
                0.3826006574089543
            ],
            [
                0.9996270591879163,
                -0.02253582182050358,
                -0.015423335378337776
            ],
            [
                0.0056216503965390375,
                -0.3828701338192878,
                0.9237850711480691
            ]
        ]
    },
    "778920": {
        "step": "STP/778920.stp",
        "stl": "STL/778920.stl",
        "ply": "PLY/778920.ply",
        "eigenvalues": [
            288.567209362089,
            1358.9443890268524,
            566.1552997012376
        ],
        "eigenvectors": [
            [
                -0.9999924027460396,
                0.002066838762070505,
                0.0033049398986839907
            ],
            [
                0.0020435230889509826,
                0.9999731119936318,
                -0.0070426772719427155
            ],
            [
                0.0033194071138133528,
                0.007035870045944347,
                0.9999697385766777
            ]
        ]
    },
    "793981": {
        "step": "STP/793981.stp",
